%YAML:1.0
---
calibration_time: "Mon May 13 15:12:07 2019"
image_width: 1280
image_height: 720
fx: 9.2359362792968750e+02
fy: 9.2358032226562500e+02
cx: 6.4385614013671875e+02
cy: 3.6164611816406250e+02
distortion_coefficients: !!opencv-matrix
   rows: 1
   cols: 5
   dt: f
   data: [ 0., 0., 0., 0., 0. ]
